1 455552.418361 4641822.05368 shrubs
2 449959.840851 4633802.50858 trees
3 441201.653431 4619029.66233 rocks
4 468214.858005 4608688.66995 grass
5 456713.141995 4617974.45902 shrubs
6 472330.150889 4619873.82497 trees
7 456396.581004 4627576.80909 bare
8 480033.135006 4628104.41074 bare
9 477395.126747 4633169.38659 trees
10 491429.330686 4635701.87452 grass
11 483093.224587 4642560.696 grass
12 490690.688374 4646781.50921 rocks
13 488580.281766 4629581.69536 grass
14 488791.322427 4616286.13374 trees
15 482671.143266 4603307.1331 shrubs
16 470114.223952 4603518.17376 bare
17 467898.297014 4597292.47427 grass
18 473068.793202 4592966.14072 bare
19 479716.574015 4591699.89676 trees
20 485098.110864 4596448.31163 trees
21 478766.891042 4601091.20616 shrubs
22 474018.476175 4603518.17376 trees
23 457029.702986 4603412.65343 rocks
24 443312.060038 4599613.92154 grass
25 435503.555591 4606050.66169 rocks
26 432548.986341 4612276.36118 trees
27 445000.385324 4611432.19854 shrubs
28 456607.621665 4611221.15788 grass
29 451437.125476 4619451.74365 bare
30 445422.466645 4628948.57338 rocks
31 440779.572109 4638023.32179 grass
32 441096.1331 4647836.71252 rocks
33 448377.035896 4653007.2087 shrubs
34 458190.42662 4652690.64771 trees
35 447110.791931 4646148.38723 bare
36 462938.841487 4634541.15089 trees
37 466209.971728 4625782.96347 grass
38 470536.305273 4639817.16741 water
39 470958.386595 4651635.44441 water
40 474651.598158 4623039.43488 grass
41 428117.132465 4641083.41137 trees
42 443628.621029 4593493.74238 grass
